                              
       1  

                  
                   
                   
                     
                      
                  
                    1

                                                      1                            

                               
 
           2                                                                                            
                                           2                                                                              2                                                    
         0          0                                                                                                                      
                                                                          

       0                                                    
                   1                                   
                                         0600                                                     
                                     0600                                        
                                         0600                                                 
                                         0666                                                         
 
            0            0          0            0           0                                                                                                          
 
                                                 0                0                                    
  
            0                                                                                                                                                              
   
                                   
                                 
                                   
            
   

              0                   0                       0                   0                                                                                     
                                     
      
                                                                                                               

            0      0            0      9                                                                      
                                    
      
                                                                                                        

                0                   0                       0                   0                       0      0            0      9                                                                                     
                                     
      
                                                                                                         
  

              0                        0                          0                         0                                                                                          

                                                 0                                                 
  
                                   
  
 
                                               0                                                 
  
            0                                                                                                                                                                                
   
                                                                                                                                                                   
                                                  
   

                        
  
 

             0                                                      
                                                 0                                                      
  
            0                                                                                                                                                                            
   
                                                                                                                                                                                                  
                                                  
   

                        
  
 
                                                                                           
       0                               
 
